50
19 30
5 11
0
0
0 1 2 3
0
19 30
5 11
0
1
0 1 2 3
0
19 30
5 11
1
0
0 1 2 3
0
19 30
5 11
1
1
0 1 2 3
0
19 30
5 11
2
0
0 1 2 3
0
19 30
5 11
2
1
0 1 2 3
0
19 30
5 11
3
0
0 1 2 3
0
19 30
5 11
3
1
0 1 2 3
0
14 6
0 10
0
0
0 1 2 3
0
14 6
0 10
0
1
0 1 2 3
0
14 6
0 10
1
0
0 1 2 3
0
14 6
0 10
1
1
0 1 2 3
0
14 6
0 10
2
0
0 1 2 3
0
14 6
0 10
2
1
0 1 2 3
0
14 6
0 10
3
0
0 1 2 3
0
14 6
0 10
3
1
0 1 2 3
0
26 27
15 18
0
0
0 1 2 3
0
26 27
15 18
0
1
0 1 2 3
0
26 27
15 18
1
0
0 1 2 3
0
26 27
15 18
1
1
0 1 2 3
0
26 27
15 18
2
0
0 1 2 3
0
26 27
15 18
2
1
0 1 2 3
0
26 27
15 18
3
0
0 1 2 3
0
26 27
15 18
3
1
0 1 2 3
0
18 21
14 15
0
0
0 1 2 3
0
18 21
14 15
0
1
0 1 2 3
0
18 21
14 15
1
0
0 1 2 3
0
18 21
14 15
1
1
0 1 2 3
0
18 21
14 15
2
0
0 1 2 3
0
18 21
14 15
2
1
0 1 2 3
0
18 21
14 15
3
0
0 1 2 3
0
18 21
14 15
3
1
0 1 2 3
0
30 27
22 30
0
0
0 1 2 3
0
30 27
22 30
0
1
0 1 2 3
0
30 27
22 30
1
0
0 1 2 3
0
30 27
22 30
1
1
0 1 2 3
0
30 27
22 30
2
0
0 1 2 3
0
30 27
22 30
2
1
0 1 2 3
0
30 27
22 30
3
0
0 1 2 3
0
30 27
22 30
3
1
0 1 2 3
0
17 8
30 8
0
0
0 1 2 3
0
17 8
30 8
0
1
0 1 2 3
0
17 8
30 8
1
0
0 1 2 3
0
17 8
30 8
1
1
0 1 2 3
0
17 8
30 8
2
0
0 1 2 3
0
17 8
30 8
2
1
0 1 2 3
0
17 8
30 8
3
0
0 1 2 3
0
17 8
30 8
3
1
0 1 2 3
0
8 7
7 14
0
0
0 1 2 3
0
8 7
7 14
0
1
0 1 2 3
0
8 7
7 14
1
0
0 1 2 3
0
8 7
7 14
1
1
0 1 2 3
0
8 7
7 14
2
0
0 1 2 3
0
8 7
7 14
2
1
0 1 2 3
0
8 7
7 14
3
0
0 1 2 3
0
8 7
7 14
3
1
0 1 2 3
0
8 18
16 8
0
0
0 1 2 3
0
8 18
16 8
0
1
0 1 2 3
0
8 18
16 8
1
0
0 1 2 3
0
8 18
16 8
1
1
0 1 2 3
0
8 18
16 8
2
0
0 1 2 3
0
8 18
16 8
2
1
0 1 2 3
0
8 18
16 8
3
0
0 1 2 3
0
8 18
16 8
3
1
0 1 2 3
0
17 21
30 20
0
0
0 1 2 3
0
17 21
30 20
0
1
0 1 2 3
0
17 21
30 20
1
0
0 1 2 3
0
17 21
30 20
1
1
0 1 2 3
0
17 21
30 20
2
0
0 1 2 3
0
17 21
30 20
2
1
0 1 2 3
0
17 21
30 20
3
0
0 1 2 3
0
17 21
30 20
3
1
0 1 2 3
0
29 8
6 10
0
0
0 1 2 3
0
29 8
6 10
0
1
0 1 2 3
0
29 8
6 10
1
0
0 1 2 3
0
29 8
6 10
1
1
0 1 2 3
0
29 8
6 10
2
0
0 1 2 3
0
29 8
6 10
2
1
0 1 2 3
0
29 8
6 10
3
0
0 1 2 3
0
29 8
6 10
3
1
0 1 2 3
0
4 5
21 24
0
0
0 1 2 3
0
4 5
21 24
0
1
0 1 2 3
0
4 5
21 24
1
0
0 1 2 3
0
4 5
21 24
1
1
0 1 2 3
0
4 5
21 24
2
0
0 1 2 3
0
4 5
21 24
2
1
0 1 2 3
0
4 5
21 24
3
0
0 1 2 3
0
4 5
21 24
3
1
0 1 2 3
0
18 29
11 30
0
0
0 1 2 3
0
18 29
11 30
0
1
0 1 2 3
0
18 29
11 30
1
0
0 1 2 3
0
18 29
11 30
1
1
0 1 2 3
0
18 29
11 30
2
0
0 1 2 3
0
18 29
11 30
2
1
0 1 2 3
0
18 29
11 30
3
0
0 1 2 3
0
18 29
11 30
3
1
0 1 2 3
0
6 11
9 12
0
0
0 1 2 3
0
6 11
9 12
0
1
0 1 2 3
0
6 11
9 12
1
0
0 1 2 3
0
6 11
9 12
1
1
0 1 2 3
0
6 11
9 12
2
0
0 1 2 3
0
6 11
9 12
2
1
0 1 2 3
0
6 11
9 12
3
0
0 1 2 3
0
6 11
9 12
3
1
0 1 2 3
0
8 3
16 2
0
0
0 1 2 3
0
8 3
16 2
0
1
0 1 2 3
0
8 3
16 2
1
0
0 1 2 3
0
8 3
16 2
1
1
0 1 2 3
0
8 3
16 2
2
0
0 1 2 3
0
8 3
16 2
2
1
0 1 2 3
0
8 3
16 2
3
0
0 1 2 3
0
8 3
16 2
3
1
0 1 2 3
0
7 27
25 6
0
0
0 1 2 3
0
7 27
25 6
0
1
0 1 2 3
0
7 27
25 6
1
0
0 1 2 3
0
7 27
25 6
1
1
0 1 2 3
0
7 27
25 6
2
0
0 1 2 3
0
7 27
25 6
2
1
0 1 2 3
0
7 27
25 6
3
0
0 1 2 3
0
7 27
25 6
3
1
0 1 2 3
0
19 18
21 17
0
0
0 1 2 3
0
19 18
21 17
0
1
0 1 2 3
0
19 18
21 17
1
0
0 1 2 3
0
19 18
21 17
1
1
0 1 2 3
0
19 18
21 17
2
0
0 1 2 3
0
19 18
21 17
2
1
0 1 2 3
0
19 18
21 17
3
0
0 1 2 3
0
19 18
21 17
3
1
0 1 2 3
0
21 2
24 7
0
0
0 1 2 3
0
21 2
24 7
0
1
0 1 2 3
0
21 2
24 7
1
0
0 1 2 3
0
21 2
24 7
1
1
0 1 2 3
0
21 2
24 7
2
0
0 1 2 3
0
21 2
24 7
2
1
0 1 2 3
0
21 2
24 7
3
0
0 1 2 3
0
21 2
24 7
3
1
0 1 2 3
0
17 19
15 3
0
0
0 1 2 3
0
17 19
15 3
0
1
0 1 2 3
0
17 19
15 3
1
0
0 1 2 3
0
17 19
15 3
1
1
0 1 2 3
0
17 19
15 3
2
0
0 1 2 3
0
17 19
15 3
2
1
0 1 2 3
0
17 19
15 3
3
0
0 1 2 3
0
17 19
15 3
3
1
0 1 2 3
0
14 3
13 28
0
0
0 1 2 3
0
14 3
13 28
0
1
0 1 2 3
0
14 3
13 28
1
0
0 1 2 3
0
14 3
13 28
1
1
0 1 2 3
0
14 3
13 28
2
0
0 1 2 3
0
14 3
13 28
2
1
0 1 2 3
0
14 3
13 28
3
0
0 1 2 3
0
14 3
13 28
3
1
0 1 2 3
0
0 17
24 12
0
0
0 1 2 3
0
0 17
24 12
0
1
0 1 2 3
0
0 17
24 12
1
0
0 1 2 3
0
0 17
24 12
1
1
0 1 2 3
0
0 17
24 12
2
0
0 1 2 3
0
0 17
24 12
2
1
0 1 2 3
0
0 17
24 12
3
0
0 1 2 3
0
0 17
24 12
3
1
0 1 2 3
0
5 11
11 8
0
0
0 1 2 3
0
5 11
11 8
0
1
0 1 2 3
0
5 11
11 8
1
0
0 1 2 3
0
5 11
11 8
1
1
0 1 2 3
0
5 11
11 8
2
0
0 1 2 3
0
5 11
11 8
2
1
0 1 2 3
0
5 11
11 8
3
0
0 1 2 3
0
5 11
11 8
3
1
0 1 2 3
0
23 0
30 30
0
0
0 1 2 3
0
23 0
30 30
0
1
0 1 2 3
0
23 0
30 30
1
0
0 1 2 3
0
23 0
30 30
1
1
0 1 2 3
0
23 0
30 30
2
0
0 1 2 3
0
23 0
30 30
2
1
0 1 2 3
0
23 0
30 30
3
0
0 1 2 3
0
23 0
30 30
3
1
0 1 2 3
0
18 28
27 17
0
0
0 1 2 3
0
18 28
27 17
0
1
0 1 2 3
0
18 28
27 17
1
0
0 1 2 3
0
18 28
27 17
1
1
0 1 2 3
0
18 28
27 17
2
0
0 1 2 3
0
18 28
27 17
2
1
0 1 2 3
0
18 28
27 17
3
0
0 1 2 3
0
18 28
27 17
3
1
0 1 2 3
0
17 2
0 17
0
0
0 1 2 3
0
17 2
0 17
0
1
0 1 2 3
0
17 2
0 17
1
0
0 1 2 3
0
17 2
0 17
1
1
0 1 2 3
0
17 2
0 17
2
0
0 1 2 3
0
17 2
0 17
2
1
0 1 2 3
0
17 2
0 17
3
0
0 1 2 3
0
17 2
0 17
3
1
0 1 2 3
0
5 18
5 19
0
0
0 1 2 3
0
5 18
5 19
0
1
0 1 2 3
0
5 18
5 19
1
0
0 1 2 3
0
5 18
5 19
1
1
0 1 2 3
0
5 18
5 19
2
0
0 1 2 3
0
5 18
5 19
2
1
0 1 2 3
0
5 18
5 19
3
0
0 1 2 3
0
5 18
5 19
3
1
0 1 2 3
0
8 22
23 13
0
0
0 1 2 3
0
8 22
23 13
0
1
0 1 2 3
0
8 22
23 13
1
0
0 1 2 3
0
8 22
23 13
1
1
0 1 2 3
0
8 22
23 13
2
0
0 1 2 3
0
8 22
23 13
2
1
0 1 2 3
0
8 22
23 13
3
0
0 1 2 3
0
8 22
23 13
3
1
0 1 2 3
0
24 4
19 19
0
0
0 1 2 3
0
24 4
19 19
0
1
0 1 2 3
0
24 4
19 19
1
0
0 1 2 3
0
24 4
19 19
1
1
0 1 2 3
0
24 4
19 19
2
0
0 1 2 3
0
24 4
19 19
2
1
0 1 2 3
0
24 4
19 19
3
0
0 1 2 3
0
24 4
19 19
3
1
0 1 2 3
0
1 29
14 26
0
0
0 1 2 3
0
1 29
14 26
0
1
0 1 2 3
0
1 29
14 26
1
0
0 1 2 3
0
1 29
14 26
1
1
0 1 2 3
0
1 29
14 26
2
0
0 1 2 3
0
1 29
14 26
2
1
0 1 2 3
0
1 29
14 26
3
0
0 1 2 3
0
1 29
14 26
3
1
0 1 2 3
0
23 16
9 24
0
0
0 1 2 3
0
23 16
9 24
0
1
0 1 2 3
0
23 16
9 24
1
0
0 1 2 3
0
23 16
9 24
1
1
0 1 2 3
0
23 16
9 24
2
0
0 1 2 3
0
23 16
9 24
2
1
0 1 2 3
0
23 16
9 24
3
0
0 1 2 3
0
23 16
9 24
3
1
0 1 2 3
0
24 23
6 18
0
0
0 1 2 3
0
24 23
6 18
0
1
0 1 2 3
0
24 23
6 18
1
0
0 1 2 3
0
24 23
6 18
1
1
0 1 2 3
0
24 23
6 18
2
0
0 1 2 3
0
24 23
6 18
2
1
0 1 2 3
0
24 23
6 18
3
0
0 1 2 3
0
24 23
6 18
3
1
0 1 2 3
0
11 9
21 12
0
0
0 1 2 3
0
11 9
21 12
0
1
0 1 2 3
0
11 9
21 12
1
0
0 1 2 3
0
11 9
21 12
1
1
0 1 2 3
0
11 9
21 12
2
0
0 1 2 3
0
11 9
21 12
2
1
0 1 2 3
0
11 9
21 12
3
0
0 1 2 3
0
11 9
21 12
3
1
0 1 2 3
0
20 13
20 27
0
0
0 1 2 3
0
20 13
20 27
0
1
0 1 2 3
0
20 13
20 27
1
0
0 1 2 3
0
20 13
20 27
1
1
0 1 2 3
0
20 13
20 27
2
0
0 1 2 3
0
20 13
20 27
2
1
0 1 2 3
0
20 13
20 27
3
0
0 1 2 3
0
20 13
20 27
3
1
0 1 2 3
0
16 0
9 19
0
0
0 1 2 3
0
16 0
9 19
0
1
0 1 2 3
0
16 0
9 19
1
0
0 1 2 3
0
16 0
9 19
1
1
0 1 2 3
0
16 0
9 19
2
0
0 1 2 3
0
16 0
9 19
2
1
0 1 2 3
0
16 0
9 19
3
0
0 1 2 3
0
16 0
9 19
3
1
0 1 2 3
0
23 21
26 29
0
0
0 1 2 3
0
23 21
26 29
0
1
0 1 2 3
0
23 21
26 29
1
0
0 1 2 3
0
23 21
26 29
1
1
0 1 2 3
0
23 21
26 29
2
0
0 1 2 3
0
23 21
26 29
2
1
0 1 2 3
0
23 21
26 29
3
0
0 1 2 3
0
23 21
26 29
3
1
0 1 2 3
0
11 26
18 1
0
0
0 1 2 3
0
11 26
18 1
0
1
0 1 2 3
0
11 26
18 1
1
0
0 1 2 3
0
11 26
18 1
1
1
0 1 2 3
0
11 26
18 1
2
0
0 1 2 3
0
11 26
18 1
2
1
0 1 2 3
0
11 26
18 1
3
0
0 1 2 3
0
11 26
18 1
3
1
0 1 2 3
0
23 11
3 10
0
0
0 1 2 3
0
23 11
3 10
0
1
0 1 2 3
0
23 11
3 10
1
0
0 1 2 3
0
23 11
3 10
1
1
0 1 2 3
0
23 11
3 10
2
0
0 1 2 3
0
23 11
3 10
2
1
0 1 2 3
0
23 11
3 10
3
0
0 1 2 3
0
23 11
3 10
3
1
0 1 2 3
0
1 19
30 15
0
0
0 1 2 3
0
1 19
30 15
0
1
0 1 2 3
0
1 19
30 15
1
0
0 1 2 3
0
1 19
30 15
1
1
0 1 2 3
0
1 19
30 15
2
0
0 1 2 3
0
1 19
30 15
2
1
0 1 2 3
0
1 19
30 15
3
0
0 1 2 3
0
1 19
30 15
3
1
0 1 2 3
0
0 25
2 19
0
0
0 1 2 3
0
0 25
2 19
0
1
0 1 2 3
0
0 25
2 19
1
0
0 1 2 3
0
0 25
2 19
1
1
0 1 2 3
0
0 25
2 19
2
0
0 1 2 3
0
0 25
2 19
2
1
0 1 2 3
0
0 25
2 19
3
0
0 1 2 3
0
0 25
2 19
3
1
0 1 2 3
0
30 8
25 28
0
0
0 1 2 3
0
30 8
25 28
0
1
0 1 2 3
0
30 8
25 28
1
0
0 1 2 3
0
30 8
25 28
1
1
0 1 2 3
0
30 8
25 28
2
0
0 1 2 3
0
30 8
25 28
2
1
0 1 2 3
0
30 8
25 28
3
0
0 1 2 3
0
30 8
25 28
3
1
0 1 2 3
0
11 18
29 0
0
0
0 1 2 3
0
11 18
29 0
0
1
0 1 2 3
0
11 18
29 0
1
0
0 1 2 3
0
11 18
29 0
1
1
0 1 2 3
0
11 18
29 0
2
0
0 1 2 3
0
11 18
29 0
2
1
0 1 2 3
0
11 18
29 0
3
0
0 1 2 3
0
11 18
29 0
3
1
0 1 2 3
0
17 5
25 14
0
0
0 1 2 3
0
17 5
25 14
0
1
0 1 2 3
0
17 5
25 14
1
0
0 1 2 3
0
17 5
25 14
1
1
0 1 2 3
0
17 5
25 14
2
0
0 1 2 3
0
17 5
25 14
2
1
0 1 2 3
0
17 5
25 14
3
0
0 1 2 3
0
17 5
25 14
3
1
0 1 2 3
0
14 9
20 9
0
0
0 1 2 3
0
14 9
20 9
0
1
0 1 2 3
0
14 9
20 9
1
0
0 1 2 3
0
14 9
20 9
1
1
0 1 2 3
0
14 9
20 9
2
0
0 1 2 3
0
14 9
20 9
2
1
0 1 2 3
0
14 9
20 9
3
0
0 1 2 3
0
14 9
20 9
3
1
0 1 2 3
0
18 3
10 17
0
0
0 1 2 3
0
18 3
10 17
0
1
0 1 2 3
0
18 3
10 17
1
0
0 1 2 3
0
18 3
10 17
1
1
0 1 2 3
0
18 3
10 17
2
0
0 1 2 3
0
18 3
10 17
2
1
0 1 2 3
0
18 3
10 17
3
0
0 1 2 3
0
18 3
10 17
3
1
0 1 2 3
0
28 19
16 26
0
0
0 1 2 3
0
28 19
16 26
0
1
0 1 2 3
0
28 19
16 26
1
0
0 1 2 3
0
28 19
16 26
1
1
0 1 2 3
0
28 19
16 26
2
0
0 1 2 3
0
28 19
16 26
2
1
0 1 2 3
0
28 19
16 26
3
0
0 1 2 3
0
28 19
16 26
3
1
0 1 2 3
0
15 18
24 11
0
0
0 1 2 3
0
15 18
24 11
0
1
0 1 2 3
0
15 18
24 11
1
0
0 1 2 3
0
15 18
24 11
1
1
0 1 2 3
0
15 18
24 11
2
0
0 1 2 3
0
15 18
24 11
2
1
0 1 2 3
0
15 18
24 11
3
0
0 1 2 3
0
15 18
24 11
3
1
0 1 2 3
0
23 9
15 18
0
0
0 1 2 3
0
23 9
15 18
0
1
0 1 2 3
0
23 9
15 18
1
0
0 1 2 3
0
23 9
15 18
1
1
0 1 2 3
0
23 9
15 18
2
0
0 1 2 3
0
23 9
15 18
2
1
0 1 2 3
0
23 9
15 18
3
0
0 1 2 3
0
23 9
15 18
3
1
0 1 2 3
0
0 6
13 26
0
0
0 1 2 3
0
0 6
13 26
0
1
0 1 2 3
0
0 6
13 26
1
0
0 1 2 3
0
0 6
13 26
1
1
0 1 2 3
0
0 6
13 26
2
0
0 1 2 3
0
0 6
13 26
2
1
0 1 2 3
0
0 6
13 26
3
0
0 1 2 3
0
0 6
13 26
3
1
0 1 2 3
0
26 7
4 9
0
0
0 1 2 3
0
26 7
4 9
0
1
0 1 2 3
0
26 7
4 9
1
0
0 1 2 3
0
26 7
4 9
1
1
0 1 2 3
0
26 7
4 9
2
0
0 1 2 3
0
26 7
4 9
2
1
0 1 2 3
0
26 7
4 9
3
0
0 1 2 3
0
26 7
4 9
3
1
0 1 2 3
0
10 4
29 26
0
0
0 1 2 3
0
10 4
29 26
0
1
0 1 2 3
0
10 4
29 26
1
0
0 1 2 3
0
10 4
29 26
1
1
0 1 2 3
0
10 4
29 26
2
0
0 1 2 3
0
10 4
29 26
2
1
0 1 2 3
0
10 4
29 26
3
0
0 1 2 3
0
10 4
29 26
3
1
0 1 2 3
0
22 0
3 30
0
0
0 1 2 3
0
22 0
3 30
0
1
0 1 2 3
0
22 0
3 30
1
0
0 1 2 3
0
22 0
3 30
1
1
0 1 2 3
0
22 0
3 30
2
0
0 1 2 3
0
22 0
3 30
2
1
0 1 2 3
0
22 0
3 30
3
0
0 1 2 3
0
22 0
3 30
3
1
0 1 2 3
0
