20
28 3
29 30
0
-1
1 2 3 0
0
28 3
29 30
1
-1
1 2 3 0
0
28 3
29 30
2
-1
1 2 3 0
0
28 3
29 30
3
-1
1 2 3 0
0
1 22
29 5
0
-1
0 3 2 1
0
1 22
29 5
1
-1
0 3 2 1
0
1 22
29 5
2
-1
0 3 2 1
0
1 22
29 5
3
-1
0 3 2 1
0
0 10
6 28
0
-1
3 0 1 2
0
0 10
6 28
1
-1
3 0 1 2
0
0 10
6 28
2
-1
3 0 1 2
0
0 10
6 28
3
-1
3 0 1 2
0
10 30
2 12
0
-1
1 3 2 0
0
10 30
2 12
1
-1
1 3 2 0
0
10 30
2 12
2
-1
1 3 2 0
0
10 30
2 12
3
-1
1 3 2 0
0
9 8
29 22
0
-1
3 1 0 2
0
9 8
29 22
1
-1
3 1 0 2
0
9 8
29 22
2
-1
3 1 0 2
0
9 8
29 22
3
-1
3 1 0 2
0
15 27
7 9
0
-1
2 0 1 3
0
15 27
7 9
1
-1
2 0 1 3
0
15 27
7 9
2
-1
2 0 1 3
0
15 27
7 9
3
-1
2 0 1 3
0
19 9
5 10
0
-1
2 1 3 0
0
19 9
5 10
1
-1
2 1 3 0
0
19 9
5 10
2
-1
2 1 3 0
0
19 9
5 10
3
-1
2 1 3 0
0
15 8
2 24
0
-1
3 2 1 0
0
15 8
2 24
1
-1
3 2 1 0
0
15 8
2 24
2
-1
3 2 1 0
0
15 8
2 24
3
-1
3 2 1 0
0
10 5
6 8
0
-1
0 2 3 1
0
10 5
6 8
1
-1
0 2 3 1
0
10 5
6 8
2
-1
0 2 3 1
0
10 5
6 8
3
-1
0 2 3 1
0
4 8
6 15
0
-1
3 1 0 2
0
4 8
6 15
1
-1
3 1 0 2
0
4 8
6 15
2
-1
3 1 0 2
0
4 8
6 15
3
-1
3 1 0 2
0
8 1
30 27
0
-1
1 3 2 0
0
8 1
30 27
1
-1
1 3 2 0
0
8 1
30 27
2
-1
1 3 2 0
0
8 1
30 27
3
-1
1 3 2 0
0
2 14
15 7
0
-1
3 1 2 0
0
2 14
15 7
1
-1
3 1 2 0
0
2 14
15 7
2
-1
3 1 2 0
0
2 14
15 7
3
-1
3 1 2 0
0
18 22
7 16
0
-1
1 3 2 0
0
18 22
7 16
1
-1
1 3 2 0
0
18 22
7 16
2
-1
1 3 2 0
0
18 22
7 16
3
-1
1 3 2 0
0
15 13
23 14
0
-1
0 2 3 1
0
15 13
23 14
1
-1
0 2 3 1
0
15 13
23 14
2
-1
0 2 3 1
0
15 13
23 14
3
-1
0 2 3 1
0
3 23
8 20
0
-1
3 2 1 0
0
3 23
8 20
1
-1
3 2 1 0
0
3 23
8 20
2
-1
3 2 1 0
0
3 23
8 20
3
-1
3 2 1 0
0
13 6
1 1
0
-1
3 2 0 1
0
13 6
1 1
1
-1
3 2 0 1
0
13 6
1 1
2
-1
3 2 0 1
0
13 6
1 1
3
-1
3 2 0 1
0
6 11
17 20
0
-1
3 1 0 2
0
6 11
17 20
1
-1
3 1 0 2
0
6 11
17 20
2
-1
3 1 0 2
0
6 11
17 20
3
-1
3 1 0 2
0
27 22
5 4
0
-1
2 1 3 0
0
27 22
5 4
1
-1
2 1 3 0
0
27 22
5 4
2
-1
2 1 3 0
0
27 22
5 4
3
-1
2 1 3 0
0
15 12
20 5
0
-1
3 1 2 0
0
15 12
20 5
1
-1
3 1 2 0
0
15 12
20 5
2
-1
3 1 2 0
0
15 12
20 5
3
-1
3 1 2 0
0
27 28
8 18
0
-1
0 1 2 3
0
27 28
8 18
1
-1
0 1 2 3
0
27 28
8 18
2
-1
0 1 2 3
0
27 28
8 18
3
-1
0 1 2 3
0
