50
17 27
23 7
0
-1
0 1 2 3
0
17 27
23 7
1
-1
0 1 2 3
0
17 27
23 7
2
-1
0 1 2 3
0
17 27
23 7
3
-1
0 1 2 3
0
8 16
1 18
0
-1
0 1 2 3
0
8 16
1 18
1
-1
0 1 2 3
0
8 16
1 18
2
-1
0 1 2 3
0
8 16
1 18
3
-1
0 1 2 3
0
22 1
6 12
0
-1
0 1 2 3
0
22 1
6 12
1
-1
0 1 2 3
0
22 1
6 12
2
-1
0 1 2 3
0
22 1
6 12
3
-1
0 1 2 3
0
7 9
28 23
0
-1
0 1 2 3
0
7 9
28 23
1
-1
0 1 2 3
0
7 9
28 23
2
-1
0 1 2 3
0
7 9
28 23
3
-1
0 1 2 3
0
9 13
4 19
0
-1
0 1 2 3
0
9 13
4 19
1
-1
0 1 2 3
0
9 13
4 19
2
-1
0 1 2 3
0
9 13
4 19
3
-1
0 1 2 3
0
8 16
19 18
0
-1
0 1 2 3
0
8 16
19 18
1
-1
0 1 2 3
0
8 16
19 18
2
-1
0 1 2 3
0
8 16
19 18
3
-1
0 1 2 3
0
23 0
22 27
0
-1
0 1 2 3
0
23 0
22 27
1
-1
0 1 2 3
0
23 0
22 27
2
-1
0 1 2 3
0
23 0
22 27
3
-1
0 1 2 3
0
25 30
16 6
0
-1
0 1 2 3
0
25 30
16 6
1
-1
0 1 2 3
0
25 30
16 6
2
-1
0 1 2 3
0
25 30
16 6
3
-1
0 1 2 3
0
26 14
25 26
0
-1
0 1 2 3
0
26 14
25 26
1
-1
0 1 2 3
0
26 14
25 26
2
-1
0 1 2 3
0
26 14
25 26
3
-1
0 1 2 3
0
25 3
4 14
0
-1
0 1 2 3
0
25 3
4 14
1
-1
0 1 2 3
0
25 3
4 14
2
-1
0 1 2 3
0
25 3
4 14
3
-1
0 1 2 3
0
20 5
24 25
0
-1
0 1 2 3
0
20 5
24 25
1
-1
0 1 2 3
0
20 5
24 25
2
-1
0 1 2 3
0
20 5
24 25
3
-1
0 1 2 3
0
30 10
11 5
0
-1
0 1 2 3
0
30 10
11 5
1
-1
0 1 2 3
0
30 10
11 5
2
-1
0 1 2 3
0
30 10
11 5
3
-1
0 1 2 3
0
8 29
11 3
0
-1
0 1 2 3
0
8 29
11 3
1
-1
0 1 2 3
0
8 29
11 3
2
-1
0 1 2 3
0
8 29
11 3
3
-1
0 1 2 3
0
6 3
30 24
0
-1
0 1 2 3
0
6 3
30 24
1
-1
0 1 2 3
0
6 3
30 24
2
-1
0 1 2 3
0
6 3
30 24
3
-1
0 1 2 3
0
6 9
21 12
0
-1
0 1 2 3
0
6 9
21 12
1
-1
0 1 2 3
0
6 9
21 12
2
-1
0 1 2 3
0
6 9
21 12
3
-1
0 1 2 3
0
15 16
2 29
0
-1
0 1 2 3
0
15 16
2 29
1
-1
0 1 2 3
0
15 16
2 29
2
-1
0 1 2 3
0
15 16
2 29
3
-1
0 1 2 3
0
1 18
2 9
0
-1
0 1 2 3
0
1 18
2 9
1
-1
0 1 2 3
0
1 18
2 9
2
-1
0 1 2 3
0
1 18
2 9
3
-1
0 1 2 3
0
7 25
16 17
0
-1
0 1 2 3
0
7 25
16 17
1
-1
0 1 2 3
0
7 25
16 17
2
-1
0 1 2 3
0
7 25
16 17
3
-1
0 1 2 3
0
12 16
17 27
0
-1
0 1 2 3
0
12 16
17 27
1
-1
0 1 2 3
0
12 16
17 27
2
-1
0 1 2 3
0
12 16
17 27
3
-1
0 1 2 3
0
18 23
6 14
0
-1
0 1 2 3
0
18 23
6 14
1
-1
0 1 2 3
0
18 23
6 14
2
-1
0 1 2 3
0
18 23
6 14
3
-1
0 1 2 3
0
20 8
1 15
0
-1
0 1 2 3
0
20 8
1 15
1
-1
0 1 2 3
0
20 8
1 15
2
-1
0 1 2 3
0
20 8
1 15
3
-1
0 1 2 3
0
28 28
13 20
0
-1
0 1 2 3
0
28 28
13 20
1
-1
0 1 2 3
0
28 28
13 20
2
-1
0 1 2 3
0
28 28
13 20
3
-1
0 1 2 3
0
3 16
24 16
0
-1
0 1 2 3
0
3 16
24 16
1
-1
0 1 2 3
0
3 16
24 16
2
-1
0 1 2 3
0
3 16
24 16
3
-1
0 1 2 3
0
11 5
7 13
0
-1
0 1 2 3
0
11 5
7 13
1
-1
0 1 2 3
0
11 5
7 13
2
-1
0 1 2 3
0
11 5
7 13
3
-1
0 1 2 3
0
4 27
0 18
0
-1
0 1 2 3
0
4 27
0 18
1
-1
0 1 2 3
0
4 27
0 18
2
-1
0 1 2 3
0
4 27
0 18
3
-1
0 1 2 3
0
28 28
12 24
0
-1
0 1 2 3
0
28 28
12 24
1
-1
0 1 2 3
0
28 28
12 24
2
-1
0 1 2 3
0
28 28
12 24
3
-1
0 1 2 3
0
16 24
21 18
0
-1
0 1 2 3
0
16 24
21 18
1
-1
0 1 2 3
0
16 24
21 18
2
-1
0 1 2 3
0
16 24
21 18
3
-1
0 1 2 3
0
19 6
25 17
0
-1
0 1 2 3
0
19 6
25 17
1
-1
0 1 2 3
0
19 6
25 17
2
-1
0 1 2 3
0
19 6
25 17
3
-1
0 1 2 3
0
26 16
4 27
0
-1
0 1 2 3
0
26 16
4 27
1
-1
0 1 2 3
0
26 16
4 27
2
-1
0 1 2 3
0
26 16
4 27
3
-1
0 1 2 3
0
11 1
27 15
0
-1
0 1 2 3
0
11 1
27 15
1
-1
0 1 2 3
0
11 1
27 15
2
-1
0 1 2 3
0
11 1
27 15
3
-1
0 1 2 3
0
30 13
7 22
0
-1
0 1 2 3
0
30 13
7 22
1
-1
0 1 2 3
0
30 13
7 22
2
-1
0 1 2 3
0
30 13
7 22
3
-1
0 1 2 3
0
9 20
25 15
0
-1
0 1 2 3
0
9 20
25 15
1
-1
0 1 2 3
0
9 20
25 15
2
-1
0 1 2 3
0
9 20
25 15
3
-1
0 1 2 3
0
29 25
10 26
0
-1
0 1 2 3
0
29 25
10 26
1
-1
0 1 2 3
0
29 25
10 26
2
-1
0 1 2 3
0
29 25
10 26
3
-1
0 1 2 3
0
17 10
18 20
0
-1
0 1 2 3
0
17 10
18 20
1
-1
0 1 2 3
0
17 10
18 20
2
-1
0 1 2 3
0
17 10
18 20
3
-1
0 1 2 3
0
16 19
17 29
0
-1
0 1 2 3
0
16 19
17 29
1
-1
0 1 2 3
0
16 19
17 29
2
-1
0 1 2 3
0
16 19
17 29
3
-1
0 1 2 3
0
6 22
15 3
0
-1
0 1 2 3
0
6 22
15 3
1
-1
0 1 2 3
0
6 22
15 3
2
-1
0 1 2 3
0
6 22
15 3
3
-1
0 1 2 3
0
6 21
1 14
0
-1
0 1 2 3
0
6 21
1 14
1
-1
0 1 2 3
0
6 21
1 14
2
-1
0 1 2 3
0
6 21
1 14
3
-1
0 1 2 3
0
7 30
5 6
0
-1
0 1 2 3
0
7 30
5 6
1
-1
0 1 2 3
0
7 30
5 6
2
-1
0 1 2 3
0
7 30
5 6
3
-1
0 1 2 3
0
12 15
19 21
0
-1
0 1 2 3
0
12 15
19 21
1
-1
0 1 2 3
0
12 15
19 21
2
-1
0 1 2 3
0
12 15
19 21
3
-1
0 1 2 3
0
19 7
15 15
0
-1
0 1 2 3
0
19 7
15 15
1
-1
0 1 2 3
0
19 7
15 15
2
-1
0 1 2 3
0
19 7
15 15
3
-1
0 1 2 3
0
14 24
30 10
0
-1
0 1 2 3
0
14 24
30 10
1
-1
0 1 2 3
0
14 24
30 10
2
-1
0 1 2 3
0
14 24
30 10
3
-1
0 1 2 3
0
17 5
25 14
0
-1
0 1 2 3
0
17 5
25 14
1
-1
0 1 2 3
0
17 5
25 14
2
-1
0 1 2 3
0
17 5
25 14
3
-1
0 1 2 3
0
29 15
25 3
0
-1
0 1 2 3
0
29 15
25 3
1
-1
0 1 2 3
0
29 15
25 3
2
-1
0 1 2 3
0
29 15
25 3
3
-1
0 1 2 3
0
28 22
6 10
0
-1
0 1 2 3
0
28 22
6 10
1
-1
0 1 2 3
0
28 22
6 10
2
-1
0 1 2 3
0
28 22
6 10
3
-1
0 1 2 3
0
8 17
12 21
0
-1
0 1 2 3
0
8 17
12 21
1
-1
0 1 2 3
0
8 17
12 21
2
-1
0 1 2 3
0
8 17
12 21
3
-1
0 1 2 3
0
18 17
26 8
0
-1
0 1 2 3
0
18 17
26 8
1
-1
0 1 2 3
0
18 17
26 8
2
-1
0 1 2 3
0
18 17
26 8
3
-1
0 1 2 3
0
30 8
22 4
0
-1
0 1 2 3
0
30 8
22 4
1
-1
0 1 2 3
0
30 8
22 4
2
-1
0 1 2 3
0
30 8
22 4
3
-1
0 1 2 3
0
6 15
18 19
0
-1
0 1 2 3
0
6 15
18 19
1
-1
0 1 2 3
0
6 15
18 19
2
-1
0 1 2 3
0
6 15
18 19
3
-1
0 1 2 3
0
19 6
6 18
0
-1
0 1 2 3
0
19 6
6 18
1
-1
0 1 2 3
0
19 6
6 18
2
-1
0 1 2 3
0
19 6
6 18
3
-1
0 1 2 3
0
26 2
15 1
0
-1
0 1 2 3
0
26 2
15 1
1
-1
0 1 2 3
0
26 2
15 1
2
-1
0 1 2 3
0
26 2
15 1
3
-1
0 1 2 3
0
