50
13 7
1 13
0
-1
0 1 2 3
0
13 7
1 13
1
-1
0 1 2 3
0
13 7
1 13
2
-1
0 1 2 3
0
13 7
1 13
3
-1
0 1 2 3
0
5 24
1 12
0
-1
0 1 2 3
0
5 24
1 12
1
-1
0 1 2 3
0
5 24
1 12
2
-1
0 1 2 3
0
5 24
1 12
3
-1
0 1 2 3
0
25 8
24 13
0
-1
0 1 2 3
0
25 8
24 13
1
-1
0 1 2 3
0
25 8
24 13
2
-1
0 1 2 3
0
25 8
24 13
3
-1
0 1 2 3
0
25 7
5 13
0
-1
0 1 2 3
0
25 7
5 13
1
-1
0 1 2 3
0
25 7
5 13
2
-1
0 1 2 3
0
25 7
5 13
3
-1
0 1 2 3
0
10 5
2 3
0
-1
0 1 2 3
0
10 5
2 3
1
-1
0 1 2 3
0
10 5
2 3
2
-1
0 1 2 3
0
10 5
2 3
3
-1
0 1 2 3
0
10 21
4 27
0
-1
0 1 2 3
0
10 21
4 27
1
-1
0 1 2 3
0
10 21
4 27
2
-1
0 1 2 3
0
10 21
4 27
3
-1
0 1 2 3
0
25 15
21 23
0
-1
0 1 2 3
0
25 15
21 23
1
-1
0 1 2 3
0
25 15
21 23
2
-1
0 1 2 3
0
25 15
21 23
3
-1
0 1 2 3
0
13 19
9 7
0
-1
0 1 2 3
0
13 19
9 7
1
-1
0 1 2 3
0
13 19
9 7
2
-1
0 1 2 3
0
13 19
9 7
3
-1
0 1 2 3
0
0 22
11 23
0
-1
0 1 2 3
0
0 22
11 23
1
-1
0 1 2 3
0
0 22
11 23
2
-1
0 1 2 3
0
0 22
11 23
3
-1
0 1 2 3
0
6 7
17 21
0
-1
0 1 2 3
0
6 7
17 21
1
-1
0 1 2 3
0
6 7
17 21
2
-1
0 1 2 3
0
6 7
17 21
3
-1
0 1 2 3
0
13 14
25 18
0
-1
0 1 2 3
0
13 14
25 18
1
-1
0 1 2 3
0
13 14
25 18
2
-1
0 1 2 3
0
13 14
25 18
3
-1
0 1 2 3
0
24 21
21 16
0
-1
0 1 2 3
0
24 21
21 16
1
-1
0 1 2 3
0
24 21
21 16
2
-1
0 1 2 3
0
24 21
21 16
3
-1
0 1 2 3
0
26 19
26 25
0
-1
0 1 2 3
0
26 19
26 25
1
-1
0 1 2 3
0
26 19
26 25
2
-1
0 1 2 3
0
26 19
26 25
3
-1
0 1 2 3
0
7 18
5 3
0
-1
0 1 2 3
0
7 18
5 3
1
-1
0 1 2 3
0
7 18
5 3
2
-1
0 1 2 3
0
7 18
5 3
3
-1
0 1 2 3
0
6 27
16 3
0
-1
0 1 2 3
0
6 27
16 3
1
-1
0 1 2 3
0
6 27
16 3
2
-1
0 1 2 3
0
6 27
16 3
3
-1
0 1 2 3
0
7 24
30 24
0
-1
0 1 2 3
0
7 24
30 24
1
-1
0 1 2 3
0
7 24
30 24
2
-1
0 1 2 3
0
7 24
30 24
3
-1
0 1 2 3
0
11 26
17 19
0
-1
0 1 2 3
0
11 26
17 19
1
-1
0 1 2 3
0
11 26
17 19
2
-1
0 1 2 3
0
11 26
17 19
3
-1
0 1 2 3
0
5 7
9 3
0
-1
0 1 2 3
0
5 7
9 3
1
-1
0 1 2 3
0
5 7
9 3
2
-1
0 1 2 3
0
5 7
9 3
3
-1
0 1 2 3
0
12 1
20 11
0
-1
0 1 2 3
0
12 1
20 11
1
-1
0 1 2 3
0
12 1
20 11
2
-1
0 1 2 3
0
12 1
20 11
3
-1
0 1 2 3
0
6 16
22 17
0
-1
0 1 2 3
0
6 16
22 17
1
-1
0 1 2 3
0
6 16
22 17
2
-1
0 1 2 3
0
6 16
22 17
3
-1
0 1 2 3
0
16 8
5 18
0
-1
0 1 2 3
0
16 8
5 18
1
-1
0 1 2 3
0
16 8
5 18
2
-1
0 1 2 3
0
16 8
5 18
3
-1
0 1 2 3
0
16 12
9 16
0
-1
0 1 2 3
0
16 12
9 16
1
-1
0 1 2 3
0
16 12
9 16
2
-1
0 1 2 3
0
16 12
9 16
3
-1
0 1 2 3
0
21 26
25 19
0
-1
0 1 2 3
0
21 26
25 19
1
-1
0 1 2 3
0
21 26
25 19
2
-1
0 1 2 3
0
21 26
25 19
3
-1
0 1 2 3
0
19 17
24 3
0
-1
0 1 2 3
0
19 17
24 3
1
-1
0 1 2 3
0
19 17
24 3
2
-1
0 1 2 3
0
19 17
24 3
3
-1
0 1 2 3
0
22 3
18 12
0
-1
0 1 2 3
0
22 3
18 12
1
-1
0 1 2 3
0
22 3
18 12
2
-1
0 1 2 3
0
22 3
18 12
3
-1
0 1 2 3
0
2 4
5 5
0
-1
0 1 2 3
0
2 4
5 5
1
-1
0 1 2 3
0
2 4
5 5
2
-1
0 1 2 3
0
2 4
5 5
3
-1
0 1 2 3
0
0 1
12 15
0
-1
0 1 2 3
0
0 1
12 15
1
-1
0 1 2 3
0
0 1
12 15
2
-1
0 1 2 3
0
0 1
12 15
3
-1
0 1 2 3
0
23 30
1 24
0
-1
0 1 2 3
0
23 30
1 24
1
-1
0 1 2 3
0
23 30
1 24
2
-1
0 1 2 3
0
23 30
1 24
3
-1
0 1 2 3
0
5 30
19 0
0
-1
0 1 2 3
0
5 30
19 0
1
-1
0 1 2 3
0
5 30
19 0
2
-1
0 1 2 3
0
5 30
19 0
3
-1
0 1 2 3
0
26 10
8 2
0
-1
0 1 2 3
0
26 10
8 2
1
-1
0 1 2 3
0
26 10
8 2
2
-1
0 1 2 3
0
26 10
8 2
3
-1
0 1 2 3
0
24 10
26 26
0
-1
0 1 2 3
0
24 10
26 26
1
-1
0 1 2 3
0
24 10
26 26
2
-1
0 1 2 3
0
24 10
26 26
3
-1
0 1 2 3
0
18 9
27 3
0
-1
0 1 2 3
0
18 9
27 3
1
-1
0 1 2 3
0
18 9
27 3
2
-1
0 1 2 3
0
18 9
27 3
3
-1
0 1 2 3
0
15 27
19 23
0
-1
0 1 2 3
0
15 27
19 23
1
-1
0 1 2 3
0
15 27
19 23
2
-1
0 1 2 3
0
15 27
19 23
3
-1
0 1 2 3
0
10 27
26 8
0
-1
0 1 2 3
0
10 27
26 8
1
-1
0 1 2 3
0
10 27
26 8
2
-1
0 1 2 3
0
10 27
26 8
3
-1
0 1 2 3
0
25 14
16 1
0
-1
0 1 2 3
0
25 14
16 1
1
-1
0 1 2 3
0
25 14
16 1
2
-1
0 1 2 3
0
25 14
16 1
3
-1
0 1 2 3
0
20 19
2 29
0
-1
0 1 2 3
0
20 19
2 29
1
-1
0 1 2 3
0
20 19
2 29
2
-1
0 1 2 3
0
20 19
2 29
3
-1
0 1 2 3
0
17 16
2 21
0
-1
0 1 2 3
0
17 16
2 21
1
-1
0 1 2 3
0
17 16
2 21
2
-1
0 1 2 3
0
17 16
2 21
3
-1
0 1 2 3
0
14 28
20 9
0
-1
0 1 2 3
0
14 28
20 9
1
-1
0 1 2 3
0
14 28
20 9
2
-1
0 1 2 3
0
14 28
20 9
3
-1
0 1 2 3
0
26 9
5 7
0
-1
0 1 2 3
0
26 9
5 7
1
-1
0 1 2 3
0
26 9
5 7
2
-1
0 1 2 3
0
26 9
5 7
3
-1
0 1 2 3
0
17 24
3 15
0
-1
0 1 2 3
0
17 24
3 15
1
-1
0 1 2 3
0
17 24
3 15
2
-1
0 1 2 3
0
17 24
3 15
3
-1
0 1 2 3
0
27 10
6 13
0
-1
0 1 2 3
0
27 10
6 13
1
-1
0 1 2 3
0
27 10
6 13
2
-1
0 1 2 3
0
27 10
6 13
3
-1
0 1 2 3
0
30 22
22 7
0
-1
0 1 2 3
0
30 22
22 7
1
-1
0 1 2 3
0
30 22
22 7
2
-1
0 1 2 3
0
30 22
22 7
3
-1
0 1 2 3
0
7 2
21 5
0
-1
0 1 2 3
0
7 2
21 5
1
-1
0 1 2 3
0
7 2
21 5
2
-1
0 1 2 3
0
7 2
21 5
3
-1
0 1 2 3
0
20 14
2 16
0
-1
0 1 2 3
0
20 14
2 16
1
-1
0 1 2 3
0
20 14
2 16
2
-1
0 1 2 3
0
20 14
2 16
3
-1
0 1 2 3
0
16 20
20 14
0
-1
0 1 2 3
0
16 20
20 14
1
-1
0 1 2 3
0
16 20
20 14
2
-1
0 1 2 3
0
16 20
20 14
3
-1
0 1 2 3
0
4 2
24 17
0
-1
0 1 2 3
0
4 2
24 17
1
-1
0 1 2 3
0
4 2
24 17
2
-1
0 1 2 3
0
4 2
24 17
3
-1
0 1 2 3
0
12 15
19 18
0
-1
0 1 2 3
0
12 15
19 18
1
-1
0 1 2 3
0
12 15
19 18
2
-1
0 1 2 3
0
12 15
19 18
3
-1
0 1 2 3
0
18 8
3 15
0
-1
0 1 2 3
0
18 8
3 15
1
-1
0 1 2 3
0
18 8
3 15
2
-1
0 1 2 3
0
18 8
3 15
3
-1
0 1 2 3
0
12 22
3 9
0
-1
0 1 2 3
0
12 22
3 9
1
-1
0 1 2 3
0
12 22
3 9
2
-1
0 1 2 3
0
12 22
3 9
3
-1
0 1 2 3
0
14 9
0 20
0
-1
0 1 2 3
0
14 9
0 20
1
-1
0 1 2 3
0
14 9
0 20
2
-1
0 1 2 3
0
14 9
0 20
3
-1
0 1 2 3
0
