25
17 11
13 8
0
0
0 1 2 3
4
 13 0
 17 11
 18 15
 28 5
17 11
13 8
0
1
0 1 2 3
4
 13 0
 17 11
 18 15
 28 5
17 11
13 8
1
0
0 1 2 3
4
 13 0
 17 11
 18 15
 28 5
17 11
13 8
1
1
0 1 2 3
4
 13 0
 17 11
 18 15
 28 5
17 11
13 8
2
0
0 1 2 3
4
 13 0
 17 11
 18 15
 28 5
17 11
13 8
2
1
0 1 2 3
4
 13 0
 17 11
 18 15
 28 5
17 11
13 8
3
0
0 1 2 3
4
 13 0
 17 11
 18 15
 28 5
17 11
13 8
3
1
0 1 2 3
4
 13 0
 17 11
 18 15
 28 5
25 9
4 0
0
0
0 1 2 3
4
 5 16
 19 29
 20 17
 30 22
25 9
4 0
0
1
0 1 2 3
4
 5 16
 19 29
 20 17
 30 22
25 9
4 0
1
0
0 1 2 3
4
 5 16
 19 29
 20 17
 30 22
25 9
4 0
1
1
0 1 2 3
4
 5 16
 19 29
 20 17
 30 22
25 9
4 0
2
0
0 1 2 3
4
 5 16
 19 29
 20 17
 30 22
25 9
4 0
2
1
0 1 2 3
4
 5 16
 19 29
 20 17
 30 22
25 9
4 0
3
0
0 1 2 3
4
 5 16
 19 29
 20 17
 30 22
25 9
4 0
3
1
0 1 2 3
4
 5 16
 19 29
 20 17
 30 22
21 23
12 18
0
0
0 1 2 3
4
 8 4
 10 20
 22 18
 29 9
21 23
12 18
0
1
0 1 2 3
4
 8 4
 10 20
 22 18
 29 9
21 23
12 18
1
0
0 1 2 3
4
 8 4
 10 20
 22 18
 29 9
21 23
12 18
1
1
0 1 2 3
4
 8 4
 10 20
 22 18
 29 9
21 23
12 18
2
0
0 1 2 3
4
 8 4
 10 20
 22 18
 29 9
21 23
12 18
2
1
0 1 2 3
4
 8 4
 10 20
 22 18
 29 9
21 23
12 18
3
0
0 1 2 3
4
 8 4
 10 20
 22 18
 29 9
21 23
12 18
3
1
0 1 2 3
4
 8 4
 10 20
 22 18
 29 9
24 3
16 0
0
0
0 1 2 3
4
 11 29
 12 3
 18 8
 26 20
24 3
16 0
0
1
0 1 2 3
4
 11 29
 12 3
 18 8
 26 20
24 3
16 0
1
0
0 1 2 3
4
 11 29
 12 3
 18 8
 26 20
24 3
16 0
1
1
0 1 2 3
4
 11 29
 12 3
 18 8
 26 20
24 3
16 0
2
0
0 1 2 3
4
 11 29
 12 3
 18 8
 26 20
24 3
16 0
2
1
0 1 2 3
4
 11 29
 12 3
 18 8
 26 20
24 3
16 0
3
0
0 1 2 3
4
 11 29
 12 3
 18 8
 26 20
24 3
16 0
3
1
0 1 2 3
4
 11 29
 12 3
 18 8
 26 20
9 24
6 14
0
0
0 1 2 3
4
 3 11
 11 11
 17 23
 26 3
9 24
6 14
0
1
0 1 2 3
4
 3 11
 11 11
 17 23
 26 3
9 24
6 14
1
0
0 1 2 3
4
 3 11
 11 11
 17 23
 26 3
9 24
6 14
1
1
0 1 2 3
4
 3 11
 11 11
 17 23
 26 3
9 24
6 14
2
0
0 1 2 3
4
 3 11
 11 11
 17 23
 26 3
9 24
6 14
2
1
0 1 2 3
4
 3 11
 11 11
 17 23
 26 3
9 24
6 14
3
0
0 1 2 3
4
 3 11
 11 11
 17 23
 26 3
9 24
6 14
3
1
0 1 2 3
4
 3 11
 11 11
 17 23
 26 3
27 23
6 10
0
0
0 1 2 3
4
 2 30
 13 14
 26 30
 28 8
27 23
6 10
0
1
0 1 2 3
4
 2 30
 13 14
 26 30
 28 8
27 23
6 10
1
0
0 1 2 3
4
 2 30
 13 14
 26 30
 28 8
27 23
6 10
1
1
0 1 2 3
4
 2 30
 13 14
 26 30
 28 8
27 23
6 10
2
0
0 1 2 3
4
 2 30
 13 14
 26 30
 28 8
27 23
6 10
2
1
0 1 2 3
4
 2 30
 13 14
 26 30
 28 8
27 23
6 10
3
0
0 1 2 3
4
 2 30
 13 14
 26 30
 28 8
27 23
6 10
3
1
0 1 2 3
4
 2 30
 13 14
 26 30
 28 8
0 13
12 1
0
0
0 1 2 3
4
 0 5
 2 18
 11 30
 25 19
0 13
12 1
0
1
0 1 2 3
4
 0 5
 2 18
 11 30
 25 19
0 13
12 1
1
0
0 1 2 3
4
 0 5
 2 18
 11 30
 25 19
0 13
12 1
1
1
0 1 2 3
4
 0 5
 2 18
 11 30
 25 19
0 13
12 1
2
0
0 1 2 3
4
 0 5
 2 18
 11 30
 25 19
0 13
12 1
2
1
0 1 2 3
4
 0 5
 2 18
 11 30
 25 19
0 13
12 1
3
0
0 1 2 3
4
 0 5
 2 18
 11 30
 25 19
0 13
12 1
3
1
0 1 2 3
4
 0 5
 2 18
 11 30
 25 19
9 5
23 21
0
0
0 1 2 3
4
 3 3
 6 0
 9 8
 25 10
9 5
23 21
0
1
0 1 2 3
4
 3 3
 6 0
 9 8
 25 10
9 5
23 21
1
0
0 1 2 3
4
 3 3
 6 0
 9 8
 25 10
9 5
23 21
1
1
0 1 2 3
4
 3 3
 6 0
 9 8
 25 10
9 5
23 21
2
0
0 1 2 3
4
 3 3
 6 0
 9 8
 25 10
9 5
23 21
2
1
0 1 2 3
4
 3 3
 6 0
 9 8
 25 10
9 5
23 21
3
0
0 1 2 3
4
 3 3
 6 0
 9 8
 25 10
9 5
23 21
3
1
0 1 2 3
4
 3 3
 6 0
 9 8
 25 10
11 0
0 29
0
0
0 1 2 3
4
 9 17
 11 27
 15 24
 17 0
11 0
0 29
0
1
0 1 2 3
4
 9 17
 11 27
 15 24
 17 0
11 0
0 29
1
0
0 1 2 3
4
 9 17
 11 27
 15 24
 17 0
11 0
0 29
1
1
0 1 2 3
4
 9 17
 11 27
 15 24
 17 0
11 0
0 29
2
0
0 1 2 3
4
 9 17
 11 27
 15 24
 17 0
11 0
0 29
2
1
0 1 2 3
4
 9 17
 11 27
 15 24
 17 0
11 0
0 29
3
0
0 1 2 3
4
 9 17
 11 27
 15 24
 17 0
11 0
0 29
3
1
0 1 2 3
4
 9 17
 11 27
 15 24
 17 0
3 6
25 30
0
0
0 1 2 3
4
 0 16
 1 13
 4 29
 23 0
3 6
25 30
0
1
0 1 2 3
4
 0 16
 1 13
 4 29
 23 0
3 6
25 30
1
0
0 1 2 3
4
 0 16
 1 13
 4 29
 23 0
3 6
25 30
1
1
0 1 2 3
4
 0 16
 1 13
 4 29
 23 0
3 6
25 30
2
0
0 1 2 3
4
 0 16
 1 13
 4 29
 23 0
3 6
25 30
2
1
0 1 2 3
4
 0 16
 1 13
 4 29
 23 0
3 6
25 30
3
0
0 1 2 3
4
 0 16
 1 13
 4 29
 23 0
3 6
25 30
3
1
0 1 2 3
4
 0 16
 1 13
 4 29
 23 0
11 27
0 14
0
0
0 1 2 3
4
 7 13
 9 15
 11 27
 30 15
11 27
0 14
0
1
0 1 2 3
4
 7 13
 9 15
 11 27
 30 15
11 27
0 14
1
0
0 1 2 3
4
 7 13
 9 15
 11 27
 30 15
11 27
0 14
1
1
0 1 2 3
4
 7 13
 9 15
 11 27
 30 15
11 27
0 14
2
0
0 1 2 3
4
 7 13
 9 15
 11 27
 30 15
11 27
0 14
2
1
0 1 2 3
4
 7 13
 9 15
 11 27
 30 15
11 27
0 14
3
0
0 1 2 3
4
 7 13
 9 15
 11 27
 30 15
11 27
0 14
3
1
0 1 2 3
4
 7 13
 9 15
 11 27
 30 15
12 9
3 26
0
0
0 1 2 3
4
 2 21
 8 20
 19 30
 27 19
12 9
3 26
0
1
0 1 2 3
4
 2 21
 8 20
 19 30
 27 19
12 9
3 26
1
0
0 1 2 3
4
 2 21
 8 20
 19 30
 27 19
12 9
3 26
1
1
0 1 2 3
4
 2 21
 8 20
 19 30
 27 19
12 9
3 26
2
0
0 1 2 3
4
 2 21
 8 20
 19 30
 27 19
12 9
3 26
2
1
0 1 2 3
4
 2 21
 8 20
 19 30
 27 19
12 9
3 26
3
0
0 1 2 3
4
 2 21
 8 20
 19 30
 27 19
12 9
3 26
3
1
0 1 2 3
4
 2 21
 8 20
 19 30
 27 19
26 9
14 30
0
0
0 1 2 3
4
 6 9
 9 15
 15 24
 15 26
26 9
14 30
0
1
0 1 2 3
4
 6 9
 9 15
 15 24
 15 26
26 9
14 30
1
0
0 1 2 3
4
 6 9
 9 15
 15 24
 15 26
26 9
14 30
1
1
0 1 2 3
4
 6 9
 9 15
 15 24
 15 26
26 9
14 30
2
0
0 1 2 3
4
 6 9
 9 15
 15 24
 15 26
26 9
14 30
2
1
0 1 2 3
4
 6 9
 9 15
 15 24
 15 26
26 9
14 30
3
0
0 1 2 3
4
 6 9
 9 15
 15 24
 15 26
26 9
14 30
3
1
0 1 2 3
4
 6 9
 9 15
 15 24
 15 26
28 12
19 25
0
0
0 1 2 3
4
 15 19
 21 18
 29 15
 30 14
28 12
19 25
0
1
0 1 2 3
4
 15 19
 21 18
 29 15
 30 14
28 12
19 25
1
0
0 1 2 3
4
 15 19
 21 18
 29 15
 30 14
28 12
19 25
1
1
0 1 2 3
4
 15 19
 21 18
 29 15
 30 14
28 12
19 25
2
0
0 1 2 3
4
 15 19
 21 18
 29 15
 30 14
28 12
19 25
2
1
0 1 2 3
4
 15 19
 21 18
 29 15
 30 14
28 12
19 25
3
0
0 1 2 3
4
 15 19
 21 18
 29 15
 30 14
28 12
19 25
3
1
0 1 2 3
4
 15 19
 21 18
 29 15
 30 14
20 20
18 17
0
0
0 1 2 3
4
 7 22
 19 28
 25 24
 29 28
20 20
18 17
0
1
0 1 2 3
4
 7 22
 19 28
 25 24
 29 28
20 20
18 17
1
0
0 1 2 3
4
 7 22
 19 28
 25 24
 29 28
20 20
18 17
1
1
0 1 2 3
4
 7 22
 19 28
 25 24
 29 28
20 20
18 17
2
0
0 1 2 3
4
 7 22
 19 28
 25 24
 29 28
20 20
18 17
2
1
0 1 2 3
4
 7 22
 19 28
 25 24
 29 28
20 20
18 17
3
0
0 1 2 3
4
 7 22
 19 28
 25 24
 29 28
20 20
18 17
3
1
0 1 2 3
4
 7 22
 19 28
 25 24
 29 28
12 10
12 13
0
0
0 1 2 3
4
 0 16
 1 3
 3 30
 4 25
12 10
12 13
0
1
0 1 2 3
4
 0 16
 1 3
 3 30
 4 25
12 10
12 13
1
0
0 1 2 3
4
 0 16
 1 3
 3 30
 4 25
12 10
12 13
1
1
0 1 2 3
4
 0 16
 1 3
 3 30
 4 25
12 10
12 13
2
0
0 1 2 3
4
 0 16
 1 3
 3 30
 4 25
12 10
12 13
2
1
0 1 2 3
4
 0 16
 1 3
 3 30
 4 25
12 10
12 13
3
0
0 1 2 3
4
 0 16
 1 3
 3 30
 4 25
12 10
12 13
3
1
0 1 2 3
4
 0 16
 1 3
 3 30
 4 25
29 14
29 14
0
0
0 1 2 3
4
 0 6
 4 10
 11 17
 25 16
29 14
29 14
0
1
0 1 2 3
4
 0 6
 4 10
 11 17
 25 16
29 14
29 14
1
0
0 1 2 3
4
 0 6
 4 10
 11 17
 25 16
29 14
29 14
1
1
0 1 2 3
4
 0 6
 4 10
 11 17
 25 16
29 14
29 14
2
0
0 1 2 3
4
 0 6
 4 10
 11 17
 25 16
29 14
29 14
2
1
0 1 2 3
4
 0 6
 4 10
 11 17
 25 16
29 14
29 14
3
0
0 1 2 3
4
 0 6
 4 10
 11 17
 25 16
29 14
29 14
3
1
0 1 2 3
4
 0 6
 4 10
 11 17
 25 16
13 26
12 8
0
0
0 1 2 3
4
 1 1
 6 9
 13 10
 13 29
13 26
12 8
0
1
0 1 2 3
4
 1 1
 6 9
 13 10
 13 29
13 26
12 8
1
0
0 1 2 3
4
 1 1
 6 9
 13 10
 13 29
13 26
12 8
1
1
0 1 2 3
4
 1 1
 6 9
 13 10
 13 29
13 26
12 8
2
0
0 1 2 3
4
 1 1
 6 9
 13 10
 13 29
13 26
12 8
2
1
0 1 2 3
4
 1 1
 6 9
 13 10
 13 29
13 26
12 8
3
0
0 1 2 3
4
 1 1
 6 9
 13 10
 13 29
13 26
12 8
3
1
0 1 2 3
4
 1 1
 6 9
 13 10
 13 29
19 26
20 3
0
0
0 1 2 3
4
 1 20
 9 9
 10 18
 18 9
19 26
20 3
0
1
0 1 2 3
4
 1 20
 9 9
 10 18
 18 9
19 26
20 3
1
0
0 1 2 3
4
 1 20
 9 9
 10 18
 18 9
19 26
20 3
1
1
0 1 2 3
4
 1 20
 9 9
 10 18
 18 9
19 26
20 3
2
0
0 1 2 3
4
 1 20
 9 9
 10 18
 18 9
19 26
20 3
2
1
0 1 2 3
4
 1 20
 9 9
 10 18
 18 9
19 26
20 3
3
0
0 1 2 3
4
 1 20
 9 9
 10 18
 18 9
19 26
20 3
3
1
0 1 2 3
4
 1 20
 9 9
 10 18
 18 9
30 1
25 14
0
0
0 1 2 3
4
 3 30
 6 11
 13 15
 14 2
30 1
25 14
0
1
0 1 2 3
4
 3 30
 6 11
 13 15
 14 2
30 1
25 14
1
0
0 1 2 3
4
 3 30
 6 11
 13 15
 14 2
30 1
25 14
1
1
0 1 2 3
4
 3 30
 6 11
 13 15
 14 2
30 1
25 14
2
0
0 1 2 3
4
 3 30
 6 11
 13 15
 14 2
30 1
25 14
2
1
0 1 2 3
4
 3 30
 6 11
 13 15
 14 2
30 1
25 14
3
0
0 1 2 3
4
 3 30
 6 11
 13 15
 14 2
30 1
25 14
3
1
0 1 2 3
4
 3 30
 6 11
 13 15
 14 2
7 28
2 23
0
0
0 1 2 3
4
 0 15
 9 13
 16 28
 26 24
7 28
2 23
0
1
0 1 2 3
4
 0 15
 9 13
 16 28
 26 24
7 28
2 23
1
0
0 1 2 3
4
 0 15
 9 13
 16 28
 26 24
7 28
2 23
1
1
0 1 2 3
4
 0 15
 9 13
 16 28
 26 24
7 28
2 23
2
0
0 1 2 3
4
 0 15
 9 13
 16 28
 26 24
7 28
2 23
2
1
0 1 2 3
4
 0 15
 9 13
 16 28
 26 24
7 28
2 23
3
0
0 1 2 3
4
 0 15
 9 13
 16 28
 26 24
7 28
2 23
3
1
0 1 2 3
4
 0 15
 9 13
 16 28
 26 24
21 29
10 6
0
0
0 1 2 3
4
 11 27
 13 23
 20 22
 20 24
21 29
10 6
0
1
0 1 2 3
4
 11 27
 13 23
 20 22
 20 24
21 29
10 6
1
0
0 1 2 3
4
 11 27
 13 23
 20 22
 20 24
21 29
10 6
1
1
0 1 2 3
4
 11 27
 13 23
 20 22
 20 24
21 29
10 6
2
0
0 1 2 3
4
 11 27
 13 23
 20 22
 20 24
21 29
10 6
2
1
0 1 2 3
4
 11 27
 13 23
 20 22
 20 24
21 29
10 6
3
0
0 1 2 3
4
 11 27
 13 23
 20 22
 20 24
21 29
10 6
3
1
0 1 2 3
4
 11 27
 13 23
 20 22
 20 24
6 9
0 24
0
0
0 1 2 3
4
 15 7
 17 15
 22 5
 26 17
6 9
0 24
0
1
0 1 2 3
4
 15 7
 17 15
 22 5
 26 17
6 9
0 24
1
0
0 1 2 3
4
 15 7
 17 15
 22 5
 26 17
6 9
0 24
1
1
0 1 2 3
4
 15 7
 17 15
 22 5
 26 17
6 9
0 24
2
0
0 1 2 3
4
 15 7
 17 15
 22 5
 26 17
6 9
0 24
2
1
0 1 2 3
4
 15 7
 17 15
 22 5
 26 17
6 9
0 24
3
0
0 1 2 3
4
 15 7
 17 15
 22 5
 26 17
6 9
0 24
3
1
0 1 2 3
4
 15 7
 17 15
 22 5
 26 17
18 30
9 30
0
0
0 1 2 3
4
 7 16
 9 4
 12 13
 27 23
18 30
9 30
0
1
0 1 2 3
4
 7 16
 9 4
 12 13
 27 23
18 30
9 30
1
0
0 1 2 3
4
 7 16
 9 4
 12 13
 27 23
18 30
9 30
1
1
0 1 2 3
4
 7 16
 9 4
 12 13
 27 23
18 30
9 30
2
0
0 1 2 3
4
 7 16
 9 4
 12 13
 27 23
18 30
9 30
2
1
0 1 2 3
4
 7 16
 9 4
 12 13
 27 23
18 30
9 30
3
0
0 1 2 3
4
 7 16
 9 4
 12 13
 27 23
18 30
9 30
3
1
0 1 2 3
4
 7 16
 9 4
 12 13
 27 23
5 22
26 19
0
0
0 1 2 3
4
 3 29
 7 11
 14 21
 25 2
5 22
26 19
0
1
0 1 2 3
4
 3 29
 7 11
 14 21
 25 2
5 22
26 19
1
0
0 1 2 3
4
 3 29
 7 11
 14 21
 25 2
5 22
26 19
1
1
0 1 2 3
4
 3 29
 7 11
 14 21
 25 2
5 22
26 19
2
0
0 1 2 3
4
 3 29
 7 11
 14 21
 25 2
5 22
26 19
2
1
0 1 2 3
4
 3 29
 7 11
 14 21
 25 2
5 22
26 19
3
0
0 1 2 3
4
 3 29
 7 11
 14 21
 25 2
5 22
26 19
3
1
0 1 2 3
4
 3 29
 7 11
 14 21
 25 2
